boat 0.9968 7 0 500 347
boat 0.5950 188 19 460 256
car 0.6523 147 93 178 129
person 0.9806 433 172 449 222
person 0.9801 394 180 414 225
person 0.9743 110 85 126 131
person 0.9647 408 179 425 224
person 0.9549 86 84 104 133
person 0.9430 415 179 433 221
person 0.9247 81 92 97 126
person 0.8996 105 92 118 125
person 0.8844 249 77 269 129
person 0.8523 101 84 135 136
person 0.8371 118 86 134 130
person 0.8192 128 83 151 117
person 0.7651 176 92 195 130
person 0.6809 232 84 249 125
person 0.6040 125 84 144 135
person 0.5129 209 97 223 142
