chair 0.9983 418 185 494 313
chair 0.8576 0 196 39 270
chair 0.7912 413 178 442 242
chair 0.7662 363 174 398 206
chair 0.5142 9 182 52 260
chair 0.4949 0 230 126 374
chair 0.4794 403 172 438 218
diningtable 0.8730 326 188 417 280
person 0.9998 96 10 437 372
person 0.9580 344 146 379 198
person 0.7317 329 158 349 205
person 0.6926 349 153 368 194
person 0.6340 379 153 401 181
person 0.4044 435 147 482 238
pottedplant 0.9374 54 142 97 192
pottedplant 0.5500 39 164 63 190
pottedplant 0.5115 25 166 50 193
